dest_ip
4.243.45.192/26
52.147.116.0/25
52.231.146.64/28
52.231.194.4/32
2603:1040:e05::400/120
