fuzzer,domain,dns_a,dns_aaaa,dns_mx,dns_ns
*original,mercadolivre.com.br,15.197.170.90,,alt1.aspmx.l.google.com,ns-1387.awsdns-45.org
addition,mercadolivre0.com.br,,,,
addition,mercadolivre1.com.br,,,,
addition,mercadolivre2.com.br,,,,
addition,mercadolivre3.com.br,,,,
addition,mercadolivre4.com.br,,,,
addition,mercadolivre5.com.br,,,,
addition,mercadolivre6.com.br,,,,
addition,mercadolivre7.com.br,,,,
addition,mercadolivre8.com.br,,,,
addition,mercadolivre9.com.br,,,,
addition,mercadolivrea.com.br,,,,
addition,mercadolivreb.com.br,,,,
addition,mercadolivrec.com.br,,,,
addition,mercadolivred.com.br,,,,
addition,mercadolivree.com.br,,,,
addition,mercadolivref.com.br,,,,
addition,mercadolivreg.com.br,,,,
addition,mercadolivreh.com.br,,,,
addition,mercadolivrei.com.br,162.240.104.45,,mail.mercadolivrei.com.br,ns1.5tb.com.br
addition,mercadolivrej.com.br,,,,
addition,mercadolivrek.com.br,,,,
addition,mercadolivrel.com.br,,,,
addition,mercadolivrem.com.br,,,,
addition,mercadolivren.com.br,,,,
addition,mercadolivreo.com.br,,,,
addition,mercadolivrep.com.br,,,,
addition,mercadolivreq.com.br,,,,
addition,mercadolivrer.com.br,3.33.139.32,,,ns1.markmonitor.com
addition,mercadolivres.com.br,,,,
addition,mercadolivret.com.br,,,,
addition,mercadolivreu.com.br,,,,
addition,mercadolivrev.com.br,,,,
addition,mercadolivrew.com.br,,,,
addition,mercadolivrex.com.br,,,,
addition,mercadolivrey.com.br,,,,
addition,mercadolivrez.com.br,,,,
bitsquatting,eercadolivre.com.br,,,,
bitsquatting,iercadolivre.com.br,,,,
bitsquatting,lercadolivre.com.br,,,,
bitsquatting,marcadolivre.com.br,3.33.139.32,,,ns1.markmonitor.com
bitsquatting,mdrcadolivre.com.br,,,,
bitsquatting,me2cadolivre.com.br,,,,
bitsquatting,mebcadolivre.com.br,,,,
bitsquatting,mepcadolivre.com.br,,,,
bitsquatting,meraadolivre.com.br,,,,
bitsquatting,merbadolivre.com.br,,,,
bitsquatting,mercadglivre.com.br,,,,
bitsquatting,mercadklivre.com.br,,,,
bitsquatting,mercadmlivre.com.br,,,,
bitsquatting,mercadnlivre.com.br,,,,
bitsquatting,mercadodivre.com.br,,,,
bitsquatting,mercadohivre.com.br,,,,
bitsquatting,mercadolavre.com.br,,,,a.auto.dns.br
bitsquatting,mercadolhvre.com.br,,,,
bitsquatting,mercadoli6re.com.br,,,,
bitsquatting,mercadolifre.com.br,,,,
bitsquatting,mercadolirre.com.br,,,,
bitsquatting,mercadolitre.com.br,,,,
bitsquatting,mercadoliv2e.com.br,,,,
bitsquatting,mercadolivbe.com.br,,,,
bitsquatting,mercadolivpe.com.br,,,,
bitsquatting,mercadolivra.com.br,,,,
bitsquatting,mercadolivrd.com.br,,,,
bitsquatting,mercadolivrg.com.br,,,,
bitsquatting,mercadolivrm.com.br,,,,
bitsquatting,mercadolivru.com.br,,,,
bitsquatting,mercadolivse.com.br,,,,
bitsquatting,mercadolivve.com.br,,,,
bitsquatting,mercadolivze.com.br,,,,
bitsquatting,mercadoliwre.com.br,,,,
bitsquatting,mercadolkvre.com.br,,,,
bitsquatting,mercadolmvre.com.br,,,,
bitsquatting,mercadolyvre.com.br,,,,
bitsquatting,mercadomivre.com.br,,,,
bitsquatting,mercadonivre.com.br,,,,
bitsquatting,mercaeolivre.com.br,,,,
bitsquatting,mercafolivre.com.br,,,,
bitsquatting,mercalolivre.com.br,,,,
bitsquatting,mercatolivre.com.br,,,,
bitsquatting,merccdolivre.com.br,,,,
bitsquatting,mercedolivre.com.br,,,,
bitsquatting,mercidolivre.com.br,,,,
bitsquatting,mercqdolivre.com.br,,,,
bitsquatting,mergadolivre.com.br,,,,
bitsquatting,merkadolivre.com.br,,,,
bitsquatting,mersadolivre.com.br,,,,
bitsquatting,mescadolivre.com.br,,,,
bitsquatting,mevcadolivre.com.br,,,,
bitsquatting,mezcadolivre.com.br,,,,
bitsquatting,mgrcadolivre.com.br,,,,
bitsquatting,mmrcadolivre.com.br,,,,
bitsquatting,murcadolivre.com.br,,,,
bitsquatting,oercadolivre.com.br,,,,
homoglyph,mcrcabolivre.com.br,,,,
homoglyph,mcrcaclolivre.com.br,,,,
homoglyph,mcrcad0livre.com.br,,,,
homoglyph,mcrcadlolivre.com.br,,,,
homoglyph,mcrcado1ivre.com.br,,,,
homoglyph,mcrcadoiivre.com.br,,,,
homoglyph,mcrcadol1vre.com.br,,,,
homoglyph,mcrcadolivrc.com.br,,,,
homoglyph,mcrcadolivre.com.br,,,,
homoglyph,mcrcadollvre.com.br,,,,
homoglyph,mcreadolivre.com.br,,,,
homoglyph,mercab0livre.com.br,,,,
homoglyph,mercablolivre.com.br,,,,
homoglyph,mercabo1ivre.com.br,,,,
homoglyph,mercaboiivre.com.br,,,,
homoglyph,mercabol1vre.com.br,,,,
homoglyph,mercabolivrc.com.br,,,,
homoglyph,mercabolivre.com.br,,,,
homoglyph,mercabollvre.com.br,,,,
homoglyph,mercac1olivre.com.br,,,,
homoglyph,mercaciolivre.com.br,,,,
homoglyph,mercacl0livre.com.br,,,,
homoglyph,mercacllolivre.com.br,,,,
homoglyph,mercaclo1ivre.com.br,,,,
homoglyph,mercacloiivre.com.br,,,,
homoglyph,mercaclol1vre.com.br,,,,
homoglyph,mercaclolivrc.com.br,,,,
homoglyph,mercaclolivre.com.br,,,,
homoglyph,mercaclollvre.com.br,,,,
homoglyph,mercad01ivre.com.br,,,,
homoglyph,mercad0iivre.com.br,,,,
homoglyph,mercad0l1vre.com.br,,,,
homoglyph,mercad0livrc.com.br,,,,
homoglyph,mercad0livre.com.br,,,,
homoglyph,mercad0llvre.com.br,,,,
homoglyph,mercad1olivre.com.br,,,,
homoglyph,mercadiolivre.com.br,,,,
homoglyph,mercadl0livre.com.br,,,,
homoglyph,mercadllolivre.com.br,,,,
homoglyph,mercadlo1ivre.com.br,,,,
homoglyph,mercadloiivre.com.br,,,,
homoglyph,mercadlol1vre.com.br,,,,
homoglyph,mercadlolivrc.com.br,,,,
homoglyph,mercadlolivre.com.br,,,,
homoglyph,mercadlollvre.com.br,,,,
homoglyph,mercado11vre.com.br,,,,
homoglyph,mercado1ivrc.com.br,,,,
homoglyph,mercado1ivre.com.br,,,,
homoglyph,mercado1lvre.com.br,,,,
homoglyph,mercadoi1vre.com.br,,,,
homoglyph,mercadoiivrc.com.br,,,,
homoglyph,mercadoiivre.com.br,,,,
homoglyph,mercadoilvre.com.br,,,,
homoglyph,mercadol1vrc.com.br,,,,
homoglyph,mercadol1vre.com.br,,,,
homoglyph,mercadolivrc.com.br,,,,
homoglyph,mercadollvrc.com.br,,,,
homoglyph,mercadollvre.com.br,,,,
homoglyph,mercaelolivre.com.br,,,,
homoglyph,mercalbolivre.com.br,,,,
homoglyph,mereabolivre.com.br,,,,
homoglyph,mereaclolivre.com.br,,,,
homoglyph,meread0livre.com.br,,,,
homoglyph,mereadlolivre.com.br,,,,
homoglyph,mereado1ivre.com.br,,,,
homoglyph,mereadoiivre.com.br,,,,
homoglyph,mereadol1vre.com.br,,,,
homoglyph,mereadolivrc.com.br,,,,
homoglyph,mereadolivre.com.br,,,,
homoglyph,mereadollvre.com.br,,,,
homoglyph,mmercadolivre.com.br,,,,
homoglyph,mnercadolivre.com.br,,,,
homoglyph,ncrcadolivre.com.br,,,,
homoglyph,nercabolivre.com.br,,,,
homoglyph,nercaclolivre.com.br,,,,
homoglyph,nercad0livre.com.br,,,,
homoglyph,nercadlolivre.com.br,,,,
homoglyph,nercado1ivre.com.br,,,,
homoglyph,nercadoiivre.com.br,,,,
homoglyph,nercadol1vre.com.br,,,,
homoglyph,nercadolivrc.com.br,,,,
homoglyph,nercadolivre.com.br,199.59.243.226,,,ns1.bodis.com
homoglyph,nercadollvre.com.br,,,,
homoglyph,nereadolivre.com.br,,,,
homoglyph,nmercadolivre.com.br,,,,
homoglyph,nncrcadolivre.com.br,,,,
homoglyph,nnercabolivre.com.br,,,,
homoglyph,nnercaclolivre.com.br,,,,
homoglyph,nnercad0livre.com.br,,,,
homoglyph,nnercadlolivre.com.br,,,,
homoglyph,nnercado1ivre.com.br,,,,
homoglyph,nnercadoiivre.com.br,,,,
homoglyph,nnercadol1vre.com.br,,,,
homoglyph,nnercadolivrc.com.br,,,,
homoglyph,nnercadolivre.com.br,,,,
homoglyph,nnercadollvre.com.br,,,,
homoglyph,nnereadolivre.com.br,,,,
homoglyph,nrercadolivre.com.br,,,,
homoglyph,rercadolivre.com.br,,,,
homoglyph,rmercadolivre.com.br,,,,a.auto.dns.br
homoglyph,rncrcadolivre.com.br,,,,
homoglyph,rnercabolivre.com.br,,,,
homoglyph,rnercaclolivre.com.br,,,,
homoglyph,rnercad0livre.com.br,,,,
homoglyph,rnercadlolivre.com.br,,,,
homoglyph,rnercado1ivre.com.br,,,,
homoglyph,rnercadoiivre.com.br,,,,
homoglyph,rnercadol1vre.com.br,,,,
homoglyph,rnercadolivrc.com.br,,,,
homoglyph,rnercadolivre.com.br,173.255.225.58,2600:3c03::f03c:91ff:fe5d:796b,,ns1.cloudez.io
homoglyph,rnercadollvre.com.br,,,,
homoglyph,rnereadolivre.com.br,,,,
homoglyph,rrcrcadolivre.com.br,,,,
homoglyph,rrercabolivre.com.br,,,,
homoglyph,rrercaclolivre.com.br,,,,
homoglyph,rrercad0livre.com.br,,,,
homoglyph,rrercadlolivre.com.br,,,,
homoglyph,rrercado1ivre.com.br,,,,
homoglyph,rrercadoiivre.com.br,,,,
homoglyph,rrercadol1vre.com.br,,,,
homoglyph,rrercadolivrc.com.br,,,,
homoglyph,rrercadolivre.com.br,,,,
homoglyph,rrercadollvre.com.br,,,,
homoglyph,rrereadolivre.com.br,,,,
homoglyph,xn--mcradolivre-o9a.com.br,,,,
homoglyph,xn--mcrcadlivre-7eb.com.br,,,,
homoglyph,xn--mcrcadlivre-kfb.com.br,,,,
homoglyph,xn--mcrcadlivre-veb.com.br,,,,
homoglyph,xn--mcrcadolivr-lbb.com.br,,,,
homoglyph,xn--mcrcadolivr-xbb.com.br,,,,
homoglyph,xn--mcrcadolvre-vcb.com.br,,,,
homoglyph,xn--mcrcdolivre-b7a.com.br,,,,
homoglyph,xn--mcrcdolivre-c8a.com.br,,,,
homoglyph,xn--mcrcdolivre-n7a.com.br,,,,
homoglyph,xn--mcrcdolivre-z7a.com.br,,,,
homoglyph,xn--merabolivre-o9a.com.br,,,,
homoglyph,xn--meraclolivre-mdb.com.br,,,,
homoglyph,xn--merad0livre-o9a.com.br,,,,
homoglyph,xn--meradlivre-q6a0m.com.br,,,,
homoglyph,xn--meradlivre-q6a2n.com.br,,,,
homoglyph,xn--meradlivre-q6a4o.com.br,,,,
homoglyph,xn--meradlolivre-mdb.com.br,,,,
homoglyph,xn--merado1ivre-o9a.com.br,,,,
homoglyph,xn--meradoiivre-o9a.com.br,,,,
homoglyph,xn--meradol1vre-o9a.com.br,,,,
homoglyph,xn--meradolivr-q6a5a.com.br,,,,
homoglyph,xn--meradolivr-q6a7b.com.br,,,,
homoglyph,xn--meradolivrc-o9a.com.br,,,,
homoglyph,xn--meradolivre-dbb.com.br,,,,
homoglyph,xn--meradolivre-o9a.com.br,,,,
homoglyph,xn--meradolivre-pbb.com.br,,,,
homoglyph,xn--meradollvre-o9a.com.br,,,,
homoglyph,xn--meradolvre-q6a0f.com.br,,,,
homoglyph,xn--mercablivre-7eb.com.br,,,,
homoglyph,xn--mercablivre-kfb.com.br,,,,
homoglyph,xn--mercablivre-veb.com.br,,,,
homoglyph,xn--mercabolivr-lbb.com.br,,,,
homoglyph,xn--mercabolivr-xbb.com.br,,,,
homoglyph,xn--mercabolvre-vcb.com.br,,,,
homoglyph,xn--mercacllivre-6hb.com.br,,,,
homoglyph,xn--mercacllivre-kib.com.br,,,,
homoglyph,xn--mercacllivre-xib.com.br,,,,
homoglyph,xn--mercaclolivr-meb.com.br,,,,
homoglyph,xn--mercaclolivr-zeb.com.br,,,,
homoglyph,xn--mercaclolvre-0fb.com.br,,,,
homoglyph,xn--mercad0livr-lbb.com.br,,,,
homoglyph,xn--mercad0livr-xbb.com.br,,,,
homoglyph,xn--mercad0lvre-vcb.com.br,,,,
homoglyph,xn--mercad1ivre-7eb.com.br,,,,
homoglyph,xn--mercad1ivre-kfb.com.br,,,,
homoglyph,xn--mercad1ivre-veb.com.br,,,,
homoglyph,xn--mercadiivre-7eb.com.br,,,,
homoglyph,xn--mercadiivre-kfb.com.br,,,,
homoglyph,xn--mercadiivre-veb.com.br,,,,
homoglyph,xn--mercadl1vre-7eb.com.br,,,,
homoglyph,xn--mercadl1vre-kfb.com.br,,,,
homoglyph,xn--mercadl1vre-veb.com.br,,,,
homoglyph,xn--mercadlivr-k7a1k.com.br,,,,
homoglyph,xn--mercadlivr-k7a3l.com.br,,,,
homoglyph,xn--mercadlivr-k7a9i.com.br,,,,
homoglyph,xn--mercadlivr-v7a1k.com.br,,,,
homoglyph,xn--mercadlivr-v7a7h.com.br,,,,
homoglyph,xn--mercadlivr-v7a9i.com.br,,,,
homoglyph,xn--mercadlivrc-7eb.com.br,,,,
homoglyph,xn--mercadlivrc-kfb.com.br,,,,
homoglyph,xn--mercadlivrc-veb.com.br,,,,
homoglyph,xn--mercadlivre-7eb.com.br,,,,
homoglyph,xn--mercadlivre-kfb.com.br,,,,
homoglyph,xn--mercadlivre-veb.com.br,,,,
homoglyph,xn--mercadllivre-6hb.com.br,,,,
homoglyph,xn--mercadllivre-kib.com.br,,,,
homoglyph,xn--mercadllivre-xib.com.br,,,,
homoglyph,xn--mercadllvre-7eb.com.br,,,,
homoglyph,xn--mercadllvre-kfb.com.br,,,,
homoglyph,xn--mercadllvre-veb.com.br,,,,
homoglyph,xn--mercadlolivr-meb.com.br,,,,
homoglyph,xn--mercadlolivr-zeb.com.br,,,,
homoglyph,xn--mercadlolvre-0fb.com.br,,,,
homoglyph,xn--mercadlvre-q8a4e.com.br,,,,
homoglyph,xn--mercadlvre-q8a6f.com.br,,,,
homoglyph,xn--mercadlvre-q8a8g.com.br,,,,
homoglyph,xn--mercado1ivr-lbb.com.br,,,,
homoglyph,xn--mercado1ivr-xbb.com.br,,,,
homoglyph,xn--mercado1vre-vcb.com.br,,,,
homoglyph,xn--mercadoiivr-lbb.com.br,,,,
homoglyph,xn--mercadoiivr-xbb.com.br,,,,
homoglyph,xn--mercadoivre-ucb.com.br,,,,
homoglyph,xn--mercadoivre-vcb.com.br,,,,
homoglyph,xn--mercadol1vr-lbb.com.br,,,,
homoglyph,xn--mercadol1vr-xbb.com.br,,,,
homoglyph,xn--mercadolivr-lbb.com.br,,,,
homoglyph,xn--mercadolivr-w9a.com.br,,,,
homoglyph,xn--mercadolivr-xbb.com.br,,,,
homoglyph,xn--mercadollvr-lbb.com.br,,,,
homoglyph,xn--mercadollvr-xbb.com.br,,,,
homoglyph,xn--mercadolvr-k7a9b.com.br,,,,
homoglyph,xn--mercadolvr-v7a7a.com.br,,,,
homoglyph,xn--mercadolvrc-vcb.com.br,,,,
homoglyph,xn--mercadolvre-vcb.com.br,,,,
homoglyph,xn--mercadovre-q8aa.com.br,,,,
homoglyph,xn--mercalolivre-odb.com.br,,,,
homoglyph,xn--mercbolivre-b7a.com.br,,,,
homoglyph,xn--mercbolivre-c8a.com.br,,,,
homoglyph,xn--mercbolivre-n7a.com.br,,,,
homoglyph,xn--mercbolivre-z7a.com.br,,,,
homoglyph,xn--mercclolivre-19a.com.br,,,,
homoglyph,xn--mercclolivre-5bb.com.br,,,,
homoglyph,xn--mercclolivre-fbb.com.br,,,,
homoglyph,xn--mercclolivre-sbb.com.br,,,,
homoglyph,xn--mercd0livre-b7a.com.br,,,,
homoglyph,xn--mercd0livre-c8a.com.br,,,,
homoglyph,xn--mercd0livre-n7a.com.br,,,,
homoglyph,xn--mercd0livre-z7a.com.br,,,,
homoglyph,xn--mercdlivre-64a1t.com.br,,,,
homoglyph,xn--mercdlivre-64a3u.com.br,,,,
homoglyph,xn--mercdlivre-64a9r.com.br,,,,
homoglyph,xn--mercdlivre-i5a1t.com.br,,,,
homoglyph,xn--mercdlivre-i5a7q.com.br,,,,
homoglyph,xn--mercdlivre-i5a9r.com.br,,,,
homoglyph,xn--mercdlivre-k4a3u.com.br,,,,
homoglyph,xn--mercdlivre-k4a5v.com.br,,,,
homoglyph,xn--mercdlivre-k4a7w.com.br,,,,
homoglyph,xn--mercdlivre-v4a1t.com.br,,,,
homoglyph,xn--mercdlivre-v4a3u.com.br,,,,
homoglyph,xn--mercdlivre-v4a5v.com.br,,,,
homoglyph,xn--mercdlolivre-19a.com.br,,,,
homoglyph,xn--mercdlolivre-5bb.com.br,,,,
homoglyph,xn--mercdlolivre-fbb.com.br,,,,
homoglyph,xn--mercdlolivre-sbb.com.br,,,,
homoglyph,xn--mercdo1ivre-b7a.com.br,,,,
homoglyph,xn--mercdo1ivre-c8a.com.br,,,,
homoglyph,xn--mercdo1ivre-n7a.com.br,,,,
homoglyph,xn--mercdo1ivre-z7a.com.br,,,,
homoglyph,xn--mercdoiivre-b7a.com.br,,,,
homoglyph,xn--mercdoiivre-c8a.com.br,,,,
homoglyph,xn--mercdoiivre-n7a.com.br,,,,
homoglyph,xn--mercdoiivre-z7a.com.br,,,,
homoglyph,xn--mercdol1vre-b7a.com.br,,,,
homoglyph,xn--mercdol1vre-c8a.com.br,,,,
homoglyph,xn--mercdol1vre-n7a.com.br,,,,
homoglyph,xn--mercdol1vre-z7a.com.br,,,,
homoglyph,xn--mercdolivr-64a4g.com.br,,,,
homoglyph,xn--mercdolivr-64a6h.com.br,,,,
homoglyph,xn--mercdolivr-i5a2f.com.br,,,,
homoglyph,xn--mercdolivr-i5a4g.com.br,,,,
homoglyph,xn--mercdolivr-k4a0k.com.br,,,,
homoglyph,xn--mercdolivr-k4a8i.com.br,,,,
homoglyph,xn--mercdolivr-v4a6h.com.br,,,,
homoglyph,xn--mercdolivr-v4a8i.com.br,,,,
homoglyph,xn--mercdolivrc-b7a.com.br,,,,
homoglyph,xn--mercdolivrc-c8a.com.br,,,,
homoglyph,xn--mercdolivrc-n7a.com.br,,,,
homoglyph,xn--mercdolivrc-z7a.com.br,,,,
homoglyph,xn--mercdolivre-b7a.com.br,,,,
homoglyph,xn--mercdolivre-c8a.com.br,,,,
homoglyph,xn--mercdolivre-n7a.com.br,,,,
homoglyph,xn--mercdolivre-z7a.com.br,,,,
homoglyph,xn--mercdollvre-b7a.com.br,,,,
homoglyph,xn--mercdollvre-c8a.com.br,,,,
homoglyph,xn--mercdollvre-n7a.com.br,,,,
homoglyph,xn--mercdollvre-z7a.com.br,,,,
homoglyph,xn--mercdolvre-64a9k.com.br,,,,
homoglyph,xn--mercdolvre-i5a7j.com.br,,,,
homoglyph,xn--mercdolvre-k4a3n.com.br,,,,
homoglyph,xn--mercdolvre-v4a1m.com.br,,,,
homoglyph,xn--merdolivre-54a3d.com.br,,,,
homoglyph,xn--merdolivre-h5a1c.com.br,,,,
homoglyph,xn--merdolivre-j4a7f.com.br,,,,
homoglyph,xn--merdolivre-u4a5e.com.br,,,,
homoglyph,xn--mereadlivre-7eb.com.br,,,,
homoglyph,xn--mereadlivre-kfb.com.br,,,,
homoglyph,xn--mereadlivre-veb.com.br,,,,
homoglyph,xn--mereadolivr-lbb.com.br,,,,
homoglyph,xn--mereadolivr-xbb.com.br,,,,
homoglyph,xn--mereadolvre-vcb.com.br,,,,
homoglyph,xn--meredolivre-b7a.com.br,,,,
homoglyph,xn--meredolivre-c8a.com.br,,,,
homoglyph,xn--meredolivre-n7a.com.br,,,,
homoglyph,xn--meredolivre-z7a.com.br,,,,
homoglyph,xn--mradolivre-p6a8a.com.br,,,,
homoglyph,xn--mradolivre-p6aw.com.br,,,,
homoglyph,xn--mrcabolivre-bbb.com.br,,,,
homoglyph,xn--mrcabolivre-nbb.com.br,,,,
homoglyph,xn--mrcaclolivre-beb.com.br,,,,
homoglyph,xn--mrcaclolivre-oeb.com.br,,,,
homoglyph,xn--mrcad0livre-bbb.com.br,,,,
homoglyph,xn--mrcad0livre-nbb.com.br,,,,
homoglyph,xn--mrcadlivre-b7a0l.com.br,,,,
homoglyph,xn--mrcadlivre-b7a2m.com.br,,,,
homoglyph,xn--mrcadlivre-b7a8j.com.br,,,,
homoglyph,xn--mrcadlivre-m7a0l.com.br,,,,
homoglyph,xn--mrcadlivre-m7a6i.com.br,,,,
homoglyph,xn--mrcadlivre-m7a8j.com.br,,,,
homoglyph,xn--mrcadlolivre-beb.com.br,,,,
homoglyph,xn--mrcadlolivre-oeb.com.br,,,,
homoglyph,xn--mrcado1ivre-bbb.com.br,,,,
homoglyph,xn--mrcado1ivre-nbb.com.br,,,,
homoglyph,xn--mrcadoiivre-bbb.com.br,,,,
homoglyph,xn--mrcadoiivre-nbb.com.br,,,,
homoglyph,xn--mrcadol1vre-bbb.com.br,,,,
homoglyph,xn--mrcadol1vre-nbb.com.br,,,,
homoglyph,xn--mrcadolivr-b7aj.com.br,,,,
homoglyph,xn--mrcadolivr-b7av.com.br,,,,
homoglyph,xn--mrcadolivr-k7ac.com.br,,,,
homoglyph,xn--mrcadolivr-m7aj.com.br,,,,
homoglyph,xn--mrcadolivrc-bbb.com.br,,,,
homoglyph,xn--mrcadolivrc-nbb.com.br,,,,
homoglyph,xn--mrcadolivre-bbb.com.br,,,,
homoglyph,xn--mrcadolivre-m9a.com.br,,,,
homoglyph,xn--mrcadolivre-nbb.com.br,,,,
homoglyph,xn--mrcadollvre-bbb.com.br,,,,
homoglyph,xn--mrcadollvre-nbb.com.br,,,,
homoglyph,xn--mrcadolvre-b7a8c.com.br,,,,
homoglyph,xn--mrcadolvre-m7a6b.com.br,,,,
homoglyph,xn--mrcdolivre-54a5f.com.br,,,,
homoglyph,xn--mrcdolivre-54a7g.com.br,,,,
homoglyph,xn--mrcdolivre-h5a3e.com.br,,,,
homoglyph,xn--mrcdolivre-h5a5f.com.br,,,,
homoglyph,xn--mrcdolivre-j4a1j.com.br,,,,
homoglyph,xn--mrcdolivre-j4a9h.com.br,,,,
homoglyph,xn--mrcdolivre-u4a7g.com.br,,,,
homoglyph,xn--mrcdolivre-u4a9h.com.br,,,,
homoglyph,xn--mreadolivre-bbb.com.br,,,,
homoglyph,xn--mreadolivre-nbb.com.br,,,,
homoglyph,xn--neradolivre-o9a.com.br,,,,
homoglyph,xn--nercadlivre-7eb.com.br,,,,
homoglyph,xn--nercadlivre-kfb.com.br,,,,
homoglyph,xn--nercadlivre-veb.com.br,,,,
homoglyph,xn--nercadolivr-lbb.com.br,,,,
homoglyph,xn--nercadolivr-xbb.com.br,,,,
homoglyph,xn--nercadolvre-vcb.com.br,,,,
homoglyph,xn--nercdolivre-b7a.com.br,,,,
homoglyph,xn--nercdolivre-c8a.com.br,,,,
homoglyph,xn--nercdolivre-n7a.com.br,,,,
homoglyph,xn--nercdolivre-z7a.com.br,,,,
homoglyph,xn--nneradolivre-ndb.com.br,,,,
homoglyph,xn--nnercadlivre-6hb.com.br,,,,
homoglyph,xn--nnercadlivre-kib.com.br,,,,
homoglyph,xn--nnercadlivre-xib.com.br,,,,
homoglyph,xn--nnercadolivr-meb.com.br,,,,
homoglyph,xn--nnercadolivr-zeb.com.br,,,,
homoglyph,xn--nnercadolvre-0fb.com.br,,,,
homoglyph,xn--nnercdolivre-29a.com.br,,,,
homoglyph,xn--nnercdolivre-6bb.com.br,,,,
homoglyph,xn--nnercdolivre-gbb.com.br,,,,
homoglyph,xn--nnercdolivre-tbb.com.br,,,,
homoglyph,xn--nnrcadolivre-ceb.com.br,,,,
homoglyph,xn--nnrcadolivre-peb.com.br,,,,
homoglyph,xn--nrcadolivre-bbb.com.br,,,,
homoglyph,xn--nrcadolivre-nbb.com.br,,,,
homoglyph,xn--rneradolivre-ndb.com.br,,,,
homoglyph,xn--rnercadlivre-6hb.com.br,,,,
homoglyph,xn--rnercadlivre-kib.com.br,,,,
homoglyph,xn--rnercadlivre-xib.com.br,,,,
homoglyph,xn--rnercadolivr-meb.com.br,,,,
homoglyph,xn--rnercadolivr-zeb.com.br,,,,
homoglyph,xn--rnercadolvre-0fb.com.br,,,,
homoglyph,xn--rnercdolivre-29a.com.br,,,,
homoglyph,xn--rnercdolivre-6bb.com.br,,,,
homoglyph,xn--rnercdolivre-gbb.com.br,,,,
homoglyph,xn--rnercdolivre-tbb.com.br,,,,
homoglyph,xn--rnrcadolivre-ceb.com.br,,,,
homoglyph,xn--rnrcadolivre-peb.com.br,,,,
homoglyph,xn--rreradolivre-ndb.com.br,,,,
homoglyph,xn--rrercadlivre-6hb.com.br,,,,
homoglyph,xn--rrercadlivre-kib.com.br,,,,
homoglyph,xn--rrercadlivre-xib.com.br,,,,
homoglyph,xn--rrercadolivr-meb.com.br,,,,
homoglyph,xn--rrercadolivr-zeb.com.br,,,,
homoglyph,xn--rrercadolvre-0fb.com.br,,,,
homoglyph,xn--rrercdolivre-29a.com.br,,,,
homoglyph,xn--rrercdolivre-6bb.com.br,,,,
homoglyph,xn--rrercdolivre-gbb.com.br,,,,
homoglyph,xn--rrercdolivre-tbb.com.br,,,,
homoglyph,xn--rrrcadolivre-ceb.com.br,,,,
homoglyph,xn--rrrcadolivre-peb.com.br,,,,
hyphenation,m-ercadolivre.com.br,,,,
hyphenation,me-rcadolivre.com.br,,,,
hyphenation,mer-cadolivre.com.br,,,,
hyphenation,merc-adolivre.com.br,,,,
hyphenation,merca-dolivre.com.br,,,,
hyphenation,mercad-olivre.com.br,,,,
hyphenation,mercado-livre.com.br,,,,
hyphenation,mercadol-ivre.com.br,,,,
hyphenation,mercadoli-vre.com.br,,,,
hyphenation,mercadoliv-re.com.br,,,,
hyphenation,mercadolivr-e.com.br,,,,
insertion,jmercadolivre.com.br,,,,
insertion,kmercadolivre.com.br,,,,
insertion,lmercadolivre.com.br,,,,
insertion,m3ercadolivre.com.br,,,,
insertion,m4ercadolivre.com.br,,,,
insertion,mdercadolivre.com.br,,,,
insertion,me3rcadolivre.com.br,,,,
insertion,me4rcadolivre.com.br,,,,
insertion,me5rcadolivre.com.br,,,,
insertion,medrcadolivre.com.br,,,,
insertion,meercadolivre.com.br,103.224.182.242,,park-mx.above.com,ns11.abovedomains.com
insertion,mefrcadolivre.com.br,,,,
insertion,mer4cadolivre.com.br,,,,
insertion,mer5cadolivre.com.br,,,,
insertion,merc1adolivre.com.br,,,,
insertion,merc2adolivre.com.br,,,,
insertion,merca1dolivre.com.br,,,,
insertion,merca2dolivre.com.br,,,,
insertion,mercacdolivre.com.br,,,,
insertion,mercad0olivre.com.br,,,,
insertion,mercad9olivre.com.br,,,,
insertion,mercadcolivre.com.br,,,,
insertion,mercadeolivre.com.br,,,,
insertion,mercadfolivre.com.br,103.224.182.242,,park-mx.above.com,ns11.abovedomains.com
insertion,mercadkolivre.com.br,,,,
insertion,mercado0livre.com.br,,,,
insertion,mercado9livre.com.br,,,,
insertion,mercadoilivre.com.br,,,,
insertion,mercadoklivre.com.br,,,,
insertion,mercadol8ivre.com.br,,,,
insertion,mercadol9ivre.com.br,,,,
insertion,mercadoli8vre.com.br,,,,
insertion,mercadoli9vre.com.br,,,,
insertion,mercadolibvre.com.br,,,mail.mercadolibre.com,ns-1189.awsdns-20.org
insertion,mercadolicvre.com.br,,,,
insertion,mercadolifvre.com.br,,,,
insertion,mercadoligvre.com.br,,,,
insertion,mercadolijvre.com.br,,,,
insertion,mercadolikvre.com.br,,,,
insertion,mercadoliovre.com.br,,,,
insertion,mercadoliuvre.com.br,,,,
insertion,mercadoliv4re.com.br,,,,
insertion,mercadoliv5re.com.br,,,,
insertion,mercadolivbre.com.br,103.224.182.242,,park-mx.above.com,ns11.abovedomains.com
insertion,mercadolivcre.com.br,,,,
insertion,mercadolivdre.com.br,,,,
insertion,mercadolivgre.com.br,,,,
insertion,mercadolivrte.com.br,,,,
insertion,mercadolivtre.com.br,,,,
insertion,mercadoljivre.com.br,,,,
insertion,mercadolkivre.com.br,,,,
insertion,mercadollivre.com.br,,,,a.auto.dns.br
insertion,mercadolmivre.com.br,,,,
insertion,mercadoloivre.com.br,,,,
insertion,mercadolpivre.com.br,,,,
insertion,mercadoplivre.com.br,,,,
insertion,mercadsolivre.com.br,,,,
insertion,mercadxolivre.com.br,,,,
insertion,mercaedolivre.com.br,,,,
insertion,mercafdolivre.com.br,,,,
insertion,mercaqdolivre.com.br,,,,
insertion,mercardolivre.com.br,3.33.139.32,,,ns1.markmonitor.com
insertion,mercadolivere.com.br,,,mail.mercadolibre.com,ns-1530.awsdns-63.org
insertion,mercadolivfre.com.br,,,,
insertion,mercadolivr4e.com.br,,,,
insertion,mercadolivr5e.com.br,,,,
insertion,mercadolivrde.com.br,,,,
insertion,mercadolivrfe.com.br,,,,
insertion,mercadoluivre.com.br,,,,
insertion,mercadomlivre.com.br,,,,
insertion,mercadoolivre.com.br,,,mail.mercadolibre.com,ns-1373.awsdns-43.org
insertion,mercadpolivre.com.br,,,,
insertion,mercadrolivre.com.br,,,,
insertion,mercasdolivre.com.br,,,,
insertion,mercawdolivre.com.br,,,,
insertion,mercaxdolivre.com.br,,,,
insertion,mercaydolivre.com.br,,,,
insertion,mercazdolivre.com.br,,,,
insertion,mercdadolivre.com.br,,,,
insertion,mercfadolivre.com.br,,,,
insertion,mercqadolivre.com.br,,,,
insertion,mercsadolivre.com.br,,,,
insertion,mercvadolivre.com.br,,,,
insertion,mercwadolivre.com.br,,,,
insertion,mercxadolivre.com.br,,,,
insertion,mercyadolivre.com.br,,,,
insertion,merczadolivre.com.br,,,,
insertion,merdcadolivre.com.br,,,,
insertion,merecadolivre.com.br,,,,
insertion,merfcadolivre.com.br,,,,
insertion,merrcadolivre.com.br,103.224.182.242,,park-mx.above.com,ns11.abovedomains.com
insertion,mertcadolivre.com.br,,,,
insertion,mervcadolivre.com.br,,,,
insertion,merxcadolivre.com.br,,,,
insertion,mesrcadolivre.com.br,,,,
insertion,metrcadolivre.com.br,,,,
insertion,mewrcadolivre.com.br,,,,
insertion,mezrcadolivre.com.br,,,,
insertion,mjercadolivre.com.br,,,,
insertion,mkercadolivre.com.br,,,,
insertion,mlercadolivre.com.br,,,,
insertion,mpercadolivre.com.br,,,,
insertion,mrercadolivre.com.br,,,,
insertion,msercadolivre.com.br,,,,
insertion,mwercadolivre.com.br,,,,
insertion,mzercadolivre.com.br,,,,
insertion,pmercadolivre.com.br,,,,
omission,ercadolivre.com.br,191.6.211.34,2804:10:8002::211:34,mx-vip-01.uni5.net,dns1.uni5.net
omission,meradolivre.com.br,199.59.243.226,,,ns1.bodis.com
omission,mercadoivre.com.br,,,,
omission,mercadolire.com.br,199.59.243.226,,,ns1.bodis.com
omission,mercadolivr.com.br,,,,
omission,mercadolvre.com.br,3.33.139.32,,,ns1.markmonitor.com
omission,mercaolivre.com.br,3.33.139.32,,,ns1.markmonitor.com
omission,mercdolivre.com.br,3.33.139.32,,,ns1.markmonitor.com
omission,mecadolivre.com.br,,,,a.auto.dns.br
omission,mercadlivre.com.br,,,,a.auto.dns.br
omission,mercadolive.com.br,,,,a.auto.dns.br
omission,mrcadolivre.com.br,,,,a.auto.dns.br
plural,mercadolisvre.com.br,,,,
plural,mercadolivsre.com.br,,,,
plural,mercadolsivre.com.br,,,,
plural,mercadoslivre.com.br,,,,
plural,merscadolivre.com.br,,,,
repetition,mercaadolivre.com.br,,,,
repetition,mercaddolivre.com.br,103.224.182.242,,park-mx.above.com,ns11.abovedomains.com
repetition,mercadoliivre.com.br,,,,
repetition,mercadolivrre.com.br,,,,
repetition,mercadolivvre.com.br,3.33.139.32,,,ns1.markmonitor.com
repetition,merccadolivre.com.br,,,mail.mercadolibre.com,ns-11.awsdns-01.com
replacement,jercadolivre.com.br,,,,
replacement,kercadolivre.com.br,,,,
replacement,m3rcadolivre.com.br,,,,
replacement,m4rcadolivre.com.br,,,,
replacement,me4cadolivre.com.br,,,,
replacement,me5cadolivre.com.br,,,,
replacement,medcadolivre.com.br,,,,
replacement,meecadolivre.com.br,,,,
replacement,mefcadolivre.com.br,,,,
replacement,merc1dolivre.com.br,,,,
replacement,merc2dolivre.com.br,,,,
replacement,mercacolivre.com.br,,,,
replacement,mercad9livre.com.br,,,,
replacement,mercadllivre.com.br,,,,
replacement,mercadolibre.com.br,18.160.213.118,,mail.mercadolibre.com.br,ns-1154.awsdns-16.org
replacement,mercadoligre.com.br,,,,
replacement,mercadoliv5e.com.br,,,,
replacement,mercadolivfe.com.br,,,,
replacement,mercadolivrs.com.br,,,,
replacement,mercadolivte.com.br,,,,
replacement,mercadplivre.com.br,185.230.63.107,,,ns2.wixdns.net
replacement,mercaxolivre.com.br,,,,
replacement,mercsdolivre.com.br,199.59.243.226,,,ns1.bodis.com
replacement,mercadilivre.com.br,3.33.139.32,,,ns1.markmonitor.com
replacement,mercadokivre.com.br,54.94.80.155,,mx.stackmail.com,a.auto.dns.br
replacement,mercadol8vre.com.br,,,,
replacement,mercadol9vre.com.br,,,,
replacement,mercadolicre.com.br,,,,
replacement,mercadoliv4e.com.br,,,,
replacement,mercadolivde.com.br,,,,
replacement,mercadolivee.com.br,,,,
replacement,mercadolivr3.com.br,,,,
replacement,mercadolivr4.com.br,,,,
replacement,mercadolivrr.com.br,,,,
replacement,mercadolivrw.com.br,,,,a.auto.dns.br
replacement,mercadolivrz.com.br,,,,
replacement,mercadoljvre.com.br,,,,
replacement,mercadolovre.com.br,5.161.90.154,,,pns21.cloudns.net
replacement,mercadoluvre.com.br,,,,a.auto.dns.br
replacement,mercadooivre.com.br,,,,
replacement,mercadopivre.com.br,,,,
replacement,mercarolivre.com.br,,,,
replacement,mercwdolivre.com.br,,,,
replacement,mercydolivre.com.br,,,,
replacement,merczdolivre.com.br,,,,
replacement,merdadolivre.com.br,154.62.106.43,2a02:4780:1e:e806:86f6:12cf:839e:7323,,ns1.dns-parking.com
replacement,mercasolivre.com.br,,,mail.mercadolibre.com,ns-1381.awsdns-44.org
replacement,merfadolivre.com.br,,,,
replacement,mervadolivre.com.br,,,,
replacement,merxadolivre.com.br,,,,
replacement,metcadolivre.com.br,,,,
replacement,mrrcadolivre.com.br,,,,
replacement,msrcadolivre.com.br,,,,
replacement,mwrcadolivre.com.br,,,,
replacement,mzrcadolivre.com.br,,,,
replacement,percadolivre.com.br,,,,
subdomain,m.ercadolivre.com.br,191.6.211.34,2804:10:8002::211:34,,dns1.uni5.net
subdomain,me.rcadolivre.com.br,,,,
subdomain,mer.cadolivre.com.br,,,,
subdomain,merc.adolivre.com.br,,,,
subdomain,merca.dolivre.com.br,,,,
subdomain,mercad.olivre.com.br,,,,
subdomain,mercado.livre.com.br,,,,
subdomain,mercadol.ivre.com.br,,,,
subdomain,mercadoli.vre.com.br,,,,
subdomain,mercadoliv.re.com.br,,,,
transposition,emrcadolivre.com.br,,,,
transposition,mecradolivre.com.br,,,,
transposition,meracdolivre.com.br,,,,
transposition,mercadloivre.com.br,,,,
transposition,mercadolirve.com.br,,,,
transposition,mercadoliver.com.br,5.161.90.154,,,pns21.cloudns.net
transposition,mercadolvire.com.br,,,,
transposition,mercaodlivre.com.br,,,,
transposition,mercdaolivre.com.br,,,,
transposition,mrecadolivre.com.br,,,,
various,mercadolivre.br,,,,
various,mercadolivrecom.br,,,,
vowel-swap,mercadalivre.com.br,13.248.161.86,,,a.sec.dns.br
vowel-swap,mercadelivre.com.br,,,,
vowel-swap,mercadolevre.com.br,,,,
vowel-swap,mercadolivri.com.br,,,,
vowel-swap,mercadolivro.com.br,177.234.145.146,,mercadolivro.com.br,ns10369.dizinc.com
vowel-swap,mercadulivre.com.br,,,mail.mercadolibre.com,ns-1147.awsdns-15.org
vowel-swap,mercodolivre.com.br,,,,
vowel-swap,mercudolivre.com.br,,,,
vowel-swap,mircadolivre.com.br,,,,
vowel-swap,morcadolivre.com.br,,,,
